Agendamento: 2024-01-15 20:11:58.387553
Desligamento: 2024-01-15 20:16:58.387553